9507774534 9507774535 30 t 8 9 4 hf 89 8 0 0 9 e 9507774534 9507774535 30 t 8 9 4 hf 89 8 0 0 9 e 9507774534 9507774535 30 t 8 9 4 hf 89 8 0 0 9 e
9507774534 9507774535 30 t 8 9 4 hf 89 8 0 0 9 e 9503334534 9505554535 10 7 6 d 9503334534 9505554535 10 7 6 d 9503334534 9505554535 10 7 6 d
9503334534 9505554535 10 7 6 d 9503334534 9505554535 10 7 6 d 9503334534 9505554535 10 7 6 d  9 wq 7 6 d  9 wq 7 6 d
9507774534 9507774535 30 t 8 9 4 hf 89 8 0 0 9 e 9507774534 9507774535 30 t 8 9 4 hf 89 8 0 0 9 e 9507774534 9507774535 30 t 8 9 4 hf 89 8 0 0 9 e
9507774534 9507774535 30 t 8 9 4 hf 89 8 0 0 9 e 9503334534 9505554535 10 7 6 d 9503334534 9505554535 10 7 6 d 9503334534 9505554535 10 7 6 d
9507774534 9507774535 30 t 8 9 4 hf 89 8 0 0 9 e 9503334534 9505554535 10 7 6 d 9503334534 9505554535 10 7 6 d 9503334534 9505554535 10 7 6 d
9507774534 9507774535 30 t 8 9 4 hf 89 8 0 0 9 e 9503334534 9505554535 10 7 6 d 9503334534 9505554535 10 7 6 d 9503334534 9505554535 10 7 6 d
9503334534 9505554535 10 7 6 d 9503334534 9505554535 10 7 6 d 9503334534 9505554535 10 7 6 d  9 wq 7 6 d  9 wq 7 6 d9507774534 9507774535 30 t 8 9 4 hf 89 8 0 0 9 e 9507774534 9507774535 30 t 8 9 4 hf 89 8 0 0 9 e 9507774534 9507774535 30 t 8 9 4 hf 89 8 0 0 9 e
9507774534 9507774535 30 t 8 9 4 hf 89 8 0 0 9 e 9503334534 9505554535 10 7 6 d 9503334534 9505554535 10 7 6 d 9503334534 9505554535 10 7 6 d
9503334534 9505554535 10 7 6 d 9503334534 9505554535 10 7 6 d 9503334534 9505554535 10 7 6 d  9 wq 7 6 d  9 wq 7 6 d9507774534 9507774535 30 t 8 9 4 hf 89 8 0 0 9 e 9507774534 9507774535 30 t 8 9 4 hf 89 8 0 0 9 e 9507774534 9507774535 30 t 8 9 4 hf 89 8 0 0 9 e
9507774534 9507774535 30 t 8 9 4 hf 89 8 0 0 9 e 9503334534 9505554535 10 7 6 d 9503334534 9505554535 10 7 6 d 9503334534 9505554535 10 7 6 d
9503334534 9505554535 10 7 6 d 9503334534 9505554535 10 7 6 d 9503334534 9505554535 10 7 6 d  9 wq 7 6 d  9 wq 7 6 d9507774534 9507774535 30 t 8 9 4 hf 89 8 0 0 9 e 9507774534 9507774535 30 t 8 9 4 hf 89 8 0 0 9 e 9507774534 9507774535 30 t 8 9 4 hf 89 8 0 0 9 e
9507774534 9507774535 30 t 8 9 4 hf 89 8 0 0 9 e 9503334534 9505554535 10 7 6 d 9503334534 9505554535 10 7 6 d 9503334534 9505554535 10 7 6 d
9503334534 9505554535 10 7 6 d 9503334534 9505554535 10 7 6 d 9503334534 9505554535 10 7 6 d  9 wq 7 6 d  9 wq 7 6 d9507774534 9507774535 30 t 8 9 4 hf 89 8 0 0 9 e 9507774534 9507774535 30 t 8 9 4 hf 89 8 0 0 9 e 9507774534 9507774535 30 t 8 9 4 hf 89 8 0 0 9 e
9507774534 9507774535 30 t 8 9 4 hf 89 8 0 0 9 e 9503334534 9505554535 10 7 6 d 9503334534 9505554535 10 7 6 d 9503334534 9505554535 10 7 6 d
9503334534 9505554535 10 7 6 d 9503334534 9505554535 10 7 6 d 9503334534 9505554535 10 7 6 d  9 wq 7 6 d  9 wq 7 6 d9507774534 9507774535 30 t 8 9 4 hf 89 8 0 0 9 e 9507774534 9507774535 30 t 8 9 4 hf 89 8 0 0 9 e 9507774534 9507774535 30 t 8 9 4 hf 89 8 0 0 9 e
9507774534 9507774535 30 t 8 9 4 hf 89 8 0 0 9 e 9503334534 9505554535 10 7 6 d 9503334534 9505554535 10 7 6 d 9503334534 9505554535 10 7 6 d
9503334534 9505554535 10 7 6 d 9503334534 9505554535 10 7 6 d 9503334534 9505554535 10 7 6 d  9 wq 7 6 d  9 wq 7 6 d9507774534 9507774535 30 t 8 9 4 hf 89 8 0 0 9 e 9507774534 9507774535 30 t 8 9 4 hf 89 8 0 0 9 e 9507774534 9507774535 30 t 8 9 4 hf 89 8 0 0 9 e
9507774534 9507774535 30 t 8 9 4 hf 89 8 0 0 9 e 9503334534 9505554535 10 7 6 d 9503334534 9505554535 10 7 6 d 9503334534 9505554535 10 7 6 d
9503334534 9505554535 10 7 6 d 9503334534 9505554535 10 7 6 d 9503334534 9505554535 10 7 6 d  9 wq 7 6 d  9 wq 7 6 d9507774534 9507774535 30 t 8 9 4 hf 89 8 0 0 9 e 9507774534 9507774535 30 t 8 9 4 hf 89 8 0 0 9 e 9507774534 9507774535 30 t 8 9 4 hf 89 8 0 0 9 e
9507774534 9507774535 30 t 8 9 4 hf 89 8 0 0 9 e 9503334534 9505554535 10 7 6 d 9503334534 9505554535 10 7 6 d 9503334534 9505554535 10 7 6 d
9503334534 9505554535 10 7 6 d 9503334534 9505554535 10 7 6 d 9503334534 9505554535 10 7 6 d  9 wq 7 6 d  9 wq 7 6 d9507774534 9507774535 30 t 8 9 4 hf 89 8 0 0 9 e 9507774534 9507774535 30 t 8 9 4 hf 89 8 0 0 9 e 9507774534 9507774535 30 t 8 9 4 hf 89 8 0 0 9 e
9507774534 9507774535 30 t 8 9 4 hf 89 8 0 0 9 e 9503334534 9505554535 10 7 6 d 9503334534 9505554535 10 7 6 d 9503334534 9505554535 10 7 6 d
9503334534 9505554535 10 7 6 d 9503334534 9505554535 10 7 6 d 9503334534 9505554535 10 7 6 d  9 wq 7 6 d  9 wq 7 6 d9507774534 9507774535 30 t 8 9 4 hf 89 8 0 0 9 e 9507774534 9507774535 30 t 8 9 4 hf 89 8 0 0 9 e 9507774534 9507774535 30 t 8 9 4 hf 89 8 0 0 9 e
9507774534 9507774535 30 t 8 9 4 hf 89 8 0 0 9 e 9503334534 9505554535 10 7 6 d 9503334534 9505554535 10 7 6 d 9503334534 9505554535 10 7 6 d
9503334534 9505554535 10 7 6 d 9503334534 9505554535 10 7 6 d 9503334534 9505554535 10 7 6 d  9 wq 7 6 d  9 wq 7 6 d9507774534 9507774535 30 t 8 9 4 hf 89 8 0 0 9 e 9507774534 9507774535 30 t 8 9 4 hf 89 8 0 0 9 e 9507774534 9507774535 30 t 8 9 4 hf 89 8 0 0 9 e
9507774534 9507774535 30 t 8 9 4 hf 89 8 0 0 9 e 9503334534 9505554535 10 7 6 d 9503334534 9505554535 10 7 6 d 9503334534 9505554535 10 7 6 d
9503334534 9505554535 10 7 6 d 9503334534 9505554535 10 7 6 d 9503334534 9505554535 10 7 6 d  9 wq 7 6 d  9 wq 7 6 d9507774534 9507774535 30 t 8 9 4 hf 89 8 0 0 9 e 9507774534 9507774535 30 t 8 9 4 hf 89 8 0 0 9 e 9507774534 9507774535 30 t 8 9 4 hf 89 8 0 0 9 e
9507774534 9507774535 30 t 8 9 4 hf 89 8 0 0 9 e 9503334534 9505554535 10 7 6 d 9503334534 9505554535 10 7 6 d 9503334534 9505554535 10 7 6 d
9503334534 9505554535 10 7 6 d 9503334534 9505554535 10 7 6 d 9503334534 9505554535 10 7 6 d  9 wq 7 6 d  9 wq 7 6 d9507774534 9507774535 30 t 8 9 4 hf 89 8 0 0 9 e 9507774534 9507774535 30 t 8 9 4 hf 89 8 0 0 9 e 9507774534 9507774535 30 t 8 9 4 hf 89 8 0 0 9 e
9507774534 9507774535 30 t 8 9 4 hf 89 8 0 0 9 e 9503334534 9505554535 10 7 6 d 9503334534 9505554535 10 7 6 d 9503334534 9505554535 10 7 6 d
9503334534 9505554535 10 7 6 d 9503334534 9505554535 10 7 6 d 9503334534 9505554535 10 7 6 d  9 wq 7 6 d  9 wq 7 6 d9507774534 9507774535 30 t 8 9 4 hf 89 8 0 0 9 e 9507774534 9507774535 30 t 8 9 4 hf 89 8 0 0 9 e 9507774534 9507774535 30 t 8 9 4 hf 89 8 0 0 9 e
9507774534 9507774535 30 t 8 9 4 hf 89 8 0 0 9 e 9503334534 9505554535 10 7 6 d 9503334534 9505554535 10 7 6 d 9503334534 9505554535 10 7 6 d
9503334534 9505554535 10 7 6 d 9503334534 9505554535 10 7 6 d 9503334534 9505554535 10 7 6 d  9 wq 7 6 d  9 wq 7 6 d9507774534 9507774535 30 t 8 9 4 hf 89 8 0 0 9 e 9507774534 9507774535 30 t 8 9 4 hf 89 8 0 0 9 e 9507774534 9507774535 30 t 8 9 4 hf 89 8 0 0 9 e
9507774534 9507774535 30 t 8 9 4 hf 89 8 0 0 9 e 9503334534 9505554535 10 7 6 d 9503334534 9505554535 10 7 6 d 9503334534 9505554535 10 7 6 d
9503334534 9505554535 10 7 6 d 9503334534 9505554535 10 7 6 d 9503334534 9505554535 10 7 6 d  9 wq 7 6 d  9 wq 7 6 d9507774534 9507774535 30 t 8 9 4 hf 89 8 0 0 9 e 9507774534 9507774535 30 t 8 9 4 hf 89 8 0 0 9 e 9507774534 9507774535 30 t 8 9 4 hf 89 8 0 0 9 e
9507774534 9507774535 30 t 8 9 4 hf 89 8 0 0 9 e 9503334534 9505554535 10 7 6 d 9503334534 9505554535 10 7 6 d 9503334534 9505554535 10 7 6 d
9503334534 9505554535 10 7 6 d 9503334534 9505554535 10 7 6 d 9503334534 9505554535 10 7 6 d  9 wq 7 6 d  9 wq 7 6 d9507774534 9507774535 30 t 8 9 4 hf 89 8 0 0 9 e 9507774534 9507774535 30 t 8 9 4 hf 89 8 0 0 9 e 9507774534 9507774535 30 t 8 9 4 hf 89 8 0 0 9 e
9507774534 9507774535 30 t 8 9 4 hf 89 8 0 0 9 e 9503334534 9505554535 10 7 6 d 9503334534 9505554535 10 7 6 d 9503334534 9505554535 10 7 6 d
9503334534 9505554535 10 7 6 d 9503334534 9505554535 10 7 6 d 9503334534 9505554535 10 7 6 d  9 wq 7 6 d  9 wq 7 6 d9507774534 9507774535 30 t 8 9 4 hf 89 8 0 0 9 e 9507774534 9507774535 30 t 8 9 4 hf 89 8 0 0 9 e 9507774534 9507774535 30 t 8 9 4 hf 89 8 0 0 9 e
9507774534 9507774535 30 t 8 9 4 hf 89 8 0 0 9 e 9503334534 9505554535 10 7 6 d 9503334534 9505554535 10 7 6 d 9503334534 9505554535 10 7 6 d
9503334534 9505554535 10 7 6 d 9503334534 9505554535 10 7 6 d 9503334534 9505554535 10 7 6 d  9 wq 7 6 d  9 wq 7 6 d9507774534 9507774535 30 t 8 9 4 hf 89 8 0 0 9 e 9507774534 9507774535 30 t 8 9 4 hf 89 8 0 0 9 e 9507774534 9507774535 30 t 8 9 4 hf 89 8 0 0 9 e
9507774534 9507774535 30 t 8 9 4 hf 89 8 0 0 9 e 9503334534 9505554535 10 7 6 d 9503334534 9505554535 10 7 6 d 9503334534 9505554535 10 7 6 d
9503334534 9505554535 10 7 6 d 9503334534 9505554535 10 7 6 d 9503334534 9505554535 10 7 6 d  9 wq 7 6 d  9 wq 7 6 d9507774534 9507774535 30 t 8 9 4 hf 89 8 0 0 9 e 9507774534 9507774535 30 t 8 9 4 hf 89 8 0 0 9 e 9507774534 9507774535 30 t 8 9 4 hf 89 8 0 0 9 e
9507774534 9507774535 30 t 8 9 4 hf 89 8 0 0 9 e 9503334534 9505554535 10 7 6 d 9503334534 9505554535 10 7 6 d 9503334534 9505554535 10 7 6 d
9503334534 9505554535 10 7 6 d 9503334534 9505554535 10 7 6 d 9503334534 9505554535 10 7 6 d  9 wq 7 6 d  9 wq 7 6 d9507774534 9507774535 30 t 8 9 4 hf 89 8 0 0 9 e 9507774534 9507774535 30 t 8 9 4 hf 89 8 0 0 9 e 9507774534 9507774535 30 t 8 9 4 hf 89 8 0 0 9 e
9507774534 9507774535 30 t 8 9 4 hf 89 8 0 0 9 e 9503334534 9505554535 10 7 6 d 9503334534 9505554535 10 7 6 d 9503334534 9505554535 10 7 6 d
9503334534 9505554535 10 7 6 d 9503334534 9505554535 10 7 6 d 9503334534 9505554535 10 7 6 d  9 wq 7 6 d  9 wq 7 6 d9507774534 9507774535 30 t 8 9 4 hf 89 8 0 0 9 e 9507774534 9507774535 30 t 8 9 4 hf 89 8 0 0 9 e 9507774534 9507774535 30 t 8 9 4 hf 89 8 0 0 9 e
9507774534 9507774535 30 t 8 9 4 hf 89 8 0 0 9 e 9503334534 9505554535 10 7 6 d 9503334534 9505554535 10 7 6 d 9503334534 9505554535 10 7 6 d
9503334534 9505554535 10 7 6 d 9503334534 9505554535 10 7 6 d 9503334534 9505554535 10 7 6 d  9 wq 7 6 d  9 wq 7 6 d9507774534 9507774535 30 t 8 9 4 hf 89 8 0 0 9 e 9507774534 9507774535 30 t 8 9 4 hf 89 8 0 0 9 e 9507774534 9507774535 30 t 8 9 4 hf 89 8 0 0 9 e
9507774534 9507774535 30 t 8 9 4 hf 89 8 0 0 9 e 9503334534 9505554535 10 7 6 d 9503334534 9505554535 10 7 6 d 9503334534 9505554535 10 7 6 d
9503334534 9505554535 10 7 6 d 9503334534 9505554535 10 7 6 d 9503334534 9505554535 10 7 6 d  9 wq 7 6 d  9 wq 7 6 d9507774534 9507774535 30 t 8 9 4 hf 89 8 0 0 9 e 9507774534 9507774535 30 t 8 9 4 hf 89 8 0 0 9 e 9507774534 9507774535 30 t 8 9 4 hf 89 8 0 0 9 e
9507774534 9507774535 30 t 8 9 4 hf 89 8 0 0 9 e 9503334534 9505554535 10 7 6 d 9503334534 9505554535 10 7 6 d 9503334534 9505554535 10 7 6 d
9503334534 9505554535 10 7 6 d 9503334534 9505554535 10 7 6 d 9503334534 9505554535 10 7 6 d  9 wq 7 6 d  9 wq 7 6 d9507774534 9507774535 30 t 8 9 4 hf 89 8 0 0 9 e 9507774534 9507774535 30 t 8 9 4 hf 89 8 0 0 9 e 9507774534 9507774535 30 t 8 9 4 hf 89 8 0 0 9 e
9507774534 9507774535 30 t 8 9 4 hf 89 8 0 0 9 e 9503334534 9505554535 10 7 6 d 9503334534 9505554535 10 7 6 d 9503334534 9505554535 10 7 6 d
9503334534 9505554535 10 7 6 d 9503334534 9505554535 10 7 6 d 9503334534 9505554535 10 7 6 d  9 wq 7 6 d  9 wq 7 6 d9507774534 9507774535 30 t 8 9 4 hf 89 8 0 0 9 e 9507774534 9507774535 30 t 8 9 4 hf 89 8 0 0 9 e 9507774534 9507774535 30 t 8 9 4 hf 89 8 0 0 9 e
9507774534 9507774535 30 t 8 9 4 hf 89 8 0 0 9 e 9503334534 9505554535 10 7 6 d 9503334534 9505554535 10 7 6 d 9503334534 9505554535 10 7 6 d
9503334534 9505554535 10 7 6 d 9503334534 9505554535 10 7 6 d 9503334534 9505554535 10 7 6 d  9 wq 7 6 d  9 wq 7 6 d9507774534 9507774535 30 t 8 9 4 hf 89 8 0 0 9 e 9507774534 9507774535 30 t 8 9 4 hf 89 8 0 0 9 e 9507774534 9507774535 30 t 8 9 4 hf 89 8 0 0 9 e
9507774534 9507774535 30 t 8 9 4 hf 89 8 0 0 9 e 9503334534 9505554535 10 7 6 d 9503334534 9505554535 10 7 6 d 9503334534 9505554535 10 7 6 d
9503334534 9505554535 10 7 6 d 9503334534 9505554535 10 7 6 d 9503334534 9505554535 10 7 6 d  9 wq 7 6 d  9 wq 7 6 d9507774534 9507774535 30 t 8 9 4 hf 89 8 0 0 9 e 9507774534 9507774535 30 t 8 9 4 hf 89 8 0 0 9 e 9507774534 9507774535 30 t 8 9 4 hf 89 8 0 0 9 e
9507774534 9507774535 30 t 8 9 4 hf 89 8 0 0 9 e 9503334534 9505554535 10 7 6 d 9503334534 9505554535 10 7 6 d 9503334534 9505554535 10 7 6 d
9503334534 9505554535 10 7 6 d 9503334534 9505554535 10 7 6 d 9503334534 9505554535 10 7 6 d  9 wq 7 6 d  9 wq 7 6 d9507774534 9507774535 30 t 8 9 4 hf 89 8 0 0 9 e 9507774534 9507774535 30 t 8 9 4 hf 89 8 0 0 9 e 9507774534 9507774535 30 t 8 9 4 hf 89 8 0 0 9 e
9507774534 9507774535 30 t 8 9 4 hf 89 8 0 0 9 e 9503334534 9505554535 10 7 6 d 9503334534 9505554535 10 7 6 d 9503334534 9505554535 10 7 6 d
9503334534 9505554535 10 7 6 d 9503334534 9505554535 10 7 6 d 9503334534 9505554535 10 7 6 d  9 wq 7 6 d  9 wq 7 6 d9507774534 9507774535 30 t 8 9 4 hf 89 8 0 0 9 e 9507774534 9507774535 30 t 8 9 4 hf 89 8 0 0 9 e 9507774534 9507774535 30 t 8 9 4 hf 89 8 0 0 9 e
9507774534 9507774535 30 t 8 9 4 hf 89 8 0 0 9 e 9503334534 9505554535 10 7 6 d 9503334534 9505554535 10 7 6 d 9503334534 9505554535 10 7 6 d
9503334534 9505554535 10 7 6 d 9503334534 9505554535 10 7 6 d 9503334534 9505554535 10 7 6 d  9 wq 7 6 d  9 wq 7 6 d9507774534 9507774535 30 t 8 9 4 hf 89 8 0 0 9 e 9507774534 9507774535 30 t 8 9 4 hf 89 8 0 0 9 e 9507774534 9507774535 30 t 8 9 4 hf 89 8 0 0 9 e
9507774534 9507774535 30 t 8 9 4 hf 89 8 0 0 9 e 9503334534 9505554535 10 7 6 d 9503334534 9505554535 10 7 6 d 9503334534 9505554535 10 7 6 d
9503334534 9505554535 10 7 6 d 9503334534 9505554535 10 7 6 d 9503334534 9505554535 10 7 6 d  9 wq 7 6 d  9 wq 7 6 d9507774534 9507774535 30 t 8 9 4 hf 89 8 0 0 9 e 9507774534 9507774535 30 t 8 9 4 hf 89 8 0 0 9 e 9507774534 9507774535 30 t 8 9 4 hf 89 8 0 0 9 e
9507774534 9507774535 30 t 8 9 4 hf 89 8 0 0 9 e 9503334534 9505554535 10 7 6 d 9503334534 9505554535 10 7 6 d 9503334534 9505554535 10 7 6 d
9503334534 9505554535 10 7 6 d 9503334534 9505554535 10 7 6 d 9503334534 9505554535 10 7 6 d  9 wq 7 6 d  9 wq 7 6 d9507774534 9507774535 30 t 8 9 4 hf 89 8 0 0 9 e 9507774534 9507774535 30 t 8 9 4 hf 89 8 0 0 9 e 9507774534 9507774535 30 t 8 9 4 hf 89 8 0 0 9 e
9507774534 9507774535 30 t 8 9 4 hf 89 8 0 0 9 e 9503334534 9505554535 10 7 6 d 9503334534 9505554535 10 7 6 d 9503334534 9505554535 10 7 6 d
9503334534 9505554535 10 7 6 d 9503334534 9505554535 10 7 6 d 9503334534 9505554535 10 7 6 d  9 wq 7 6 d  9 wq 7 6 d9507774534 9507774535 30 t 8 9 4 hf 89 8 0 0 9 e 9507774534 9507774535 30 t 8 9 4 hf 89 8 0 0 9 e 9507774534 9507774535 30 t 8 9 4 hf 89 8 0 0 9 e
9507774534 9507774535 30 t 8 9 4 hf 89 8 0 0 9 e 9503334534 9505554535 10 7 6 d 9503334534 9505554535 10 7 6 d 9503334534 9505554535 10 7 6 d
9503334534 9505554535 10 7 6 d 9503334534 9505554535 10 7 6 d 9503334534 9505554535 10 7 6 d  9 wq 7 6 d  9 wq 7 6 d9507774534 9507774535 30 t 8 9 4 hf 89 8 0 0 9 e 9507774534 9507774535 30 t 8 9 4 hf 89 8 0 0 9 e 9507774534 9507774535 30 t 8 9 4 hf 89 8 0 0 9 e
9507774534 9507774535 30 t 8 9 4 hf 89 8 0 0 9 e 9503334534 9505554535 10 7 6 d 9503334534 9505554535 10 7 6 d 9503334534 9505554535 10 7 6 d
9503334534 9505554535 10 7 6 d 9503334534 9505554535 10 7 6 d 9503334534 9505554535 10 7 6 d  9 wq 7 6 d  9 wq 7 6 d9507774534 9507774535 30 t 8 9 4 hf 89 8 0 0 9 e 9507774534 9507774535 30 t 8 9 4 hf 89 8 0 0 9 e 9507774534 9507774535 30 t 8 9 4 hf 89 8 0 0 9 e
9507774534 9507774535 30 t 8 9 4 hf 89 8 0 0 9 e 9503334534 9505554535 10 7 6 d 9503334534 9505554535 10 7 6 d 9503334534 9505554535 10 7 6 d
9503334534 9505554535 10 7 6 d 9503334534 9505554535 10 7 6 d 9503334534 9505554535 10 7 6 d  9 wq 7 6 d  9 wq 7 6 d